Pso,[24.7362 24.7362 24.764  24.764  24.7362 24.7362 24.764  24.764  24.764
 24.764  24.7362 24.7362 24.764  24.764  24.764  24.764  24.764  24.764
 24.764  24.764  24.764  24.764  24.764  24.764  24.764  24.764  24.764
 24.7638 24.764  24.7362],[16.863  16.863  17.5565 17.5565 16.863  16.863  17.5565 17.5565 17.5565
 17.5565 16.863  16.863  17.5565 17.5565 17.5565 17.5565 17.5565 17.5565
 17.5565 17.5565 17.5565 17.5565 17.5565 17.5565 17.5565 17.5565 17.5565
 17.5565 17.5565 16.863 ]
Fwa,[24.7628 24.7622 24.7342 24.7634 24.7638 24.7636 24.7624 24.7635 24.7637
 24.7615 24.7332 24.7616 24.735  24.7627 24.736  24.7631 24.7635 24.7632
 24.7359 24.7638 24.7615 24.7623 24.7305 24.7622 24.7354 24.763  24.7624
 24.7633 24.7626 24.7361],[17.5565 17.5565 16.863  17.5565 17.5565 17.5565 17.5565 17.5565 17.5565
 17.5565 16.863  17.5565 16.863  17.5565 16.863  17.5565 17.5565 17.5565
 16.863  17.5565 17.5565 17.5565 16.863  17.5565 16.863  17.5565 17.5565
 17.5565 17.5565 16.863 ]
Simulated,[24.7538 24.7555 24.7593 24.759  24.7585 24.76   24.7305 24.7551 24.758
 24.7556 24.7464 24.7478 24.7573 24.7625 24.7583 24.7552 24.752  24.7532
 24.7586 24.7542 24.7567 24.7551 24.7546 24.7549 24.738  24.757  24.7584
 24.7513 24.7545 24.7608],[17.5565 17.5565 17.5565 17.5565 17.5565 17.5565 17.5565 17.5565 17.5565
 17.5565 17.5565 17.5565 17.5565 17.5565 17.5565 17.5565 17.5565 17.5565
 17.5565 17.5565 17.5565 17.5565 17.5565 17.5565 17.5565 17.5565 17.5565
 17.5565 17.5565 17.5565]
Ga_v3,[24.7347 24.7356 24.7354 24.7356 24.7545 24.7354 24.7515 24.7133 24.7491
 24.7351 24.7334 24.7355 24.7346 24.7355 24.7354 24.7357 24.735  24.7357
 24.7423 24.7623 24.7476 24.7351 24.7354 24.7597 24.7361 24.7582 24.7323
 24.7355 24.7511 24.7345],[16.863  16.863  16.863  16.863  17.5565 16.863  17.5565 17.5565 17.5565
 16.863  17.5565 16.863  16.863  16.863  16.863  16.863  16.863  16.863
 17.5565 17.5565 17.5565 16.863  16.863  17.5565 16.863  17.5565 16.863
 16.863  17.5565 16.863 ]
HillClimbing,[24.762  24.7622 24.7623 24.7628 24.7607 24.7592 24.7621 24.7629 24.7632
 24.7632 24.762  24.7634 24.7632 24.7619 24.762  24.7639 24.761  24.7635
 24.7626 24.7617 24.7631 24.7604 24.762  24.7635 24.7616 24.7611 24.763
 24.7624 24.7619 24.763 ],[17.5565 17.5565 17.5565 17.5565 17.5565 17.5565 17.5565 17.5565 17.5565
 17.5565 17.5565 17.5565 17.5565 17.5565 17.5565 17.5565 17.5565 17.5565
 17.5565 17.5565 17.5565 17.5565 17.5565 17.5565 17.5565 17.5565 17.5565
 17.5565 17.5565 17.5565]
HybridGa,[24.7316 24.7569 24.7563 24.7569 24.7434 24.7567 24.7576 24.7523 24.7537
 24.7356 24.7349 24.7447 24.7318 24.7564 24.7408 24.7533 24.7514 24.7535
 24.7558 24.7538 24.7421 24.7583 24.7434 24.7319 24.7585 24.7355 24.7624
 24.7585 24.7381 24.7315],[16.863  17.5565 17.5565 17.5565 17.5565 17.5565 17.5565 17.5565 17.5565
 16.863  16.863  17.5565 16.863  17.5565 17.5565 17.5565 17.5565 17.5565
 17.5565 17.5565 17.5565 17.5565 17.5565 16.863  17.5565 16.863  17.5565
 17.5565 17.5565 16.863 ]
