Pso,[26.6062 26.6062 26.6061 26.6217 26.6217 26.6217 26.6217 26.6062 26.6062
 26.6062 26.6217 26.6008 26.6062 26.6062 26.6217 26.6062 26.6062 26.6217
 26.6051 26.6008 26.6217 26.6062 26.6217 26.6217 26.6217 26.6217 26.6217
 26.6008 26.6217 26.6062],[18.177 18.177 18.177 18.177 18.177 18.177 18.177 18.177 18.177 18.177
 18.177 18.323 18.177 18.177 18.177 18.177 18.177 18.177 18.177 18.323
 18.177 18.177 18.177 18.177 18.177 18.177 18.177 18.323 18.177 18.177]
Fwa,[26.621  26.6001 26.621  26.6177 26.5998 26.5703 26.6006 26.6042 26.5997
 26.6166 26.6202 26.6181 26.6215 26.6196 26.5721 26.6184 26.5703 26.6191
 26.6172 26.6205 26.6211 26.6193 26.5967 26.6211 26.6205 26.6018 26.6198
 26.6211 26.6203 26.618 ],[18.177  18.323  18.177  18.177  18.323  18.2865 18.323  18.177  18.323
 18.177  18.177  18.177  18.177  18.177  17.9215 18.177  18.2865 18.177
 18.177  18.177  18.177  18.177  18.323  18.177  18.177  18.177  18.177
 18.177  18.177  18.177 ]
Simulated,[26.6049 26.6004 26.6192 26.6038 26.6042 26.6173 26.6132 26.5956 26.6156
 26.6175 26.6018 26.5911 26.5969 26.5962 26.6151 26.6111 26.5916 26.6129
 26.0528 26.5947 26.6172 26.6138 26.6137 26.5995 26.599  26.6185 26.5998
 26.61   26.5991 26.5965],[18.177 18.177 18.177 18.177 18.177 18.177 18.177 18.177 18.177 18.177
 18.177 18.323 18.177 18.177 18.177 18.177 18.323 18.177 17.593 18.177
 18.177 18.177 18.177 18.323 18.323 18.177 18.323 18.177 18.323 18.177]
Ga_v3,[26.6003 26.5959 26.5995 26.62   26.6145 26.6019 26.6078 26.6072 26.5981
 26.6029 26.5964 26.6029 26.603  26.5941 26.6018 26.6172 26.6005 26.6111
 26.6006 26.5925 26.5984 26.599  26.6126 26.5982 26.6029 26.6066 26.6039
 26.6026 26.6065 26.6038],[18.177 18.323 18.177 18.177 18.177 18.177 18.177 18.177 18.177 18.177
 18.323 18.177 18.177 18.177 18.177 18.177 18.177 18.177 18.177 18.323
 18.177 18.323 18.177 18.323 18.177 18.177 18.177 18.177 18.177 18.177]
HillClimbing,[26.6202 26.6188 26.6202 26.6149 26.6068 26.6216 26.6111 26.6205 26.6183
 26.6063 26.618  26.6201 26.6206 26.62   26.6154 26.6203 26.6191 26.6141
 26.6097 26.6201 26.6199 26.6191 26.6198 26.6197 26.6205 26.6192 26.6206
 26.6099 26.62   26.6117],[18.177 18.177 18.177 18.177 18.177 18.177 18.177 18.177 18.177 18.177
 18.177 18.177 18.177 18.177 18.177 18.177 18.177 18.177 18.177 18.177
 18.177 18.177 18.177 18.177 18.177 18.177 18.177 18.177 18.177 18.177]
HybridGa,[26.6075 26.6198 26.598  26.5988 26.609  26.5955 26.6158 26.6002 26.61
 26.5985 26.5971 26.6172 26.589  26.5829 26.6068 26.5663 26.6142 26.563
 26.6086 26.5877 26.612  26.6144 26.6125 26.6186 26.5558 26.5933 26.61
 26.5957 26.6162 26.6103],[18.177  18.177  18.177  18.177  18.177  18.177  18.177  18.177  18.177
 18.323  18.323  18.177  18.177  18.177  18.177  18.323  18.177  18.323
 18.177  18.323  18.177  18.177  18.177  18.177  17.9215 18.177  18.177
 18.177  18.177  18.177 ]
