Pso,[0.99754414 0.99754414 0.99754414 0.99754414 0.99754414 0.99754414
 0.99754414 0.99754414 0.99754414 0.99754414 0.99754414 0.99754414
 0.99754414 0.99754414 0.99754414 0.99754414 0.99754414 0.99754414
 0.99754414 0.99754414 0.99754414 0.99754414 0.99754414 0.99754414
 0.99754414 0.99754414 0.99754414 0.99754414 0.99754414 0.99754414],[0.99754414 0.99754414 0.99754414 0.99754414 0.99754414 0.99754414
 0.99754414 0.99754414 0.99754414 0.99754414 0.99754414 0.99754414
 0.99754414 0.99754414 0.99754414 0.99754414 0.99754414 0.99754414
 0.99754414 0.99754414 0.99754414 0.99754414 0.99754414 0.99754414
 0.99754414 0.99754414 0.99754414 0.99754414 0.99754414 0.99754414]
Fwa,[0.99754361 0.99751622 0.99753953 0.99754132 0.94363532 0.99754124
 0.97851751 0.99754414 0.99754251 0.97853207 0.97853195 0.97853161
 0.97853009 0.99752459 0.99730153 0.97850806 0.99754411 0.99754387
 0.97853199 0.99754411 0.97853122 0.9785237  0.97852998 0.99754222
 0.97853146 0.97853134 0.99754254 0.99754413 0.99748225 0.97853206],[0.99754361 0.99751622 0.99753953 0.99754132 0.94363532 0.99754124
 0.97851751 0.99754414 0.99754251 0.97853207 0.97853195 0.97853161
 0.97853009 0.99752459 0.99730153 0.97850806 0.99754411 0.99754387
 0.97853199 0.99754411 0.97853122 0.9785237  0.97852998 0.99754222
 0.97853146 0.97853134 0.99754254 0.99754413 0.99748225 0.97853206]
Simulated,[0.99616246 0.99751343 0.99754405 0.99690685 0.9971065  0.99728695
 0.9972684  0.99742876 0.99751621 0.99664214 0.99688943 0.99732492
 0.99724525 0.9973276  0.99752541 0.99751705 0.99683425 0.99747474
 0.99753132 0.99750712 0.99709287 0.99733854 0.99723097 0.99717125
 0.9972877  0.99753573 0.99753929 0.99753692 0.99729448 0.99748646],[0.99616246 0.99751343 0.99754405 0.99690685 0.9971065  0.99728695
 0.9972684  0.99742876 0.99751621 0.99664214 0.99688943 0.99732492
 0.99724525 0.9973276  0.99752541 0.99751705 0.99683425 0.99747474
 0.99753132 0.99750712 0.99709287 0.99733854 0.99723097 0.99717125
 0.9972877  0.99753573 0.99753929 0.99753692 0.99729448 0.99748646]
Ga_v3,[0.996278   0.99754358 0.99721179 0.99754349 0.99754232 0.99745637
 0.99753943 0.99734223 0.99747194 0.99751092 0.99752881 0.99709922
 0.99753711 0.99754115 0.99754162 0.99750738 0.9962985  0.99734758
 0.99754111 0.99739133 0.99750397 0.99735485 0.99679606 0.99556416
 0.99747519 0.99618343 0.99255709 0.99729376 0.99730568 0.99744806],[0.996278   0.99754358 0.99721179 0.99754349 0.99754232 0.99745637
 0.99753943 0.99734223 0.99747194 0.99751092 0.99752881 0.99709922
 0.99753711 0.99754115 0.99754162 0.99750738 0.9962985  0.99734758
 0.99754111 0.99739133 0.99750397 0.99735485 0.99679606 0.99556416
 0.99747519 0.99618343 0.99255709 0.99729376 0.99730568 0.99744806]
HillClimbing,[0.99754396 0.9975418  0.99754382 0.99754329 0.99754404 0.99754411
 0.99754142 0.99753705 0.99754374 0.99754414 0.99754402 0.99754386
 0.99754394 0.99752409 0.99754296 0.99754409 0.99754238 0.99754259
 0.99754114 0.99754397 0.99754411 0.99754409 0.99754411 0.99754412
 0.99754411 0.99754394 0.99754371 0.99753787 0.99754414 0.99754322],[0.99754396 0.9975418  0.99754382 0.99754329 0.99754404 0.99754411
 0.99754142 0.99753705 0.99754374 0.99754414 0.99754402 0.99754386
 0.99754394 0.99752409 0.99754296 0.99754409 0.99754238 0.99754259
 0.99754114 0.99754397 0.99754411 0.99754409 0.99754411 0.99754412
 0.99754411 0.99754394 0.99754371 0.99753787 0.99754414 0.99754322]
HybridGa,[0.99747919 0.99739244 0.99754176 0.99752514 0.99745772 0.99728836
 0.99753741 0.99750644 0.99752499 0.99754382 0.99753859 0.99753981
 0.99753828 0.9975361  0.99745636 0.99753871 0.99751997 0.9975318
 0.99753658 0.99754412 0.99753107 0.99754176 0.99746927 0.99749845
 0.99713213 0.99753473 0.99728084 0.99747331 0.99750494 0.99753527],[0.99747919 0.99739244 0.99754176 0.99752514 0.99745772 0.99728836
 0.99753741 0.99750644 0.99752499 0.99754382 0.99753859 0.99753981
 0.99753828 0.9975361  0.99745636 0.99753871 0.99751997 0.9975318
 0.99753658 0.99754412 0.99753107 0.99754176 0.99746927 0.99749845
 0.99713213 0.99753473 0.99728084 0.99747331 0.99750494 0.99753527]
