Pso,[0.00000000e+00 0.00000000e+00 9.71590988e-03 9.71590988e-03
 9.71590988e-03 9.71590988e-03 0.00000000e+00 9.71590988e-03
 1.17690145e-06 9.71590988e-03 9.71590988e-03 7.82707232e-15
 9.71590988e-03 0.00000000e+00 0.00000000e+00 9.71590988e-03
 9.71590988e-03 9.71590988e-03 9.43689571e-16 0.00000000e+00
 9.71590988e-03 0.00000000e+00 0.00000000e+00 9.71590988e-03
 9.71590988e-03 9.71590988e-03 8.11573031e-14 9.71590988e-03
 0.00000000e+00 9.71590988e-03],[0.00000000e+00 0.00000000e+00 9.71590988e-03 9.71590988e-03
 9.71590988e-03 9.71590988e-03 0.00000000e+00 9.71590988e-03
 1.17690145e-06 9.71590988e-03 9.71590988e-03 7.82707232e-15
 9.71590988e-03 0.00000000e+00 0.00000000e+00 9.71590988e-03
 9.71590988e-03 9.71590988e-03 9.43689571e-16 0.00000000e+00
 9.71590988e-03 0.00000000e+00 0.00000000e+00 9.71590988e-03
 9.71590988e-03 9.71590988e-03 8.11573031e-14 9.71590988e-03
 0.00000000e+00 9.71590988e-03]
Fwa,[0.00974912 0.00988881 0.01074473 0.0097206  0.00971628 0.00973188
 0.00251901 0.00971688 0.00971752 0.00973522 0.00582966 0.00708305
 0.00989209 0.01006171 0.00972135 0.00972022 0.00489726 0.00971813
 0.0101938  0.0097351  0.00082566 0.00971641 0.00971642 0.00971667
 0.00078243 0.00975416 0.00971793 0.00974149 0.00971665 0.00971591],[0.00974912 0.00988881 0.01074473 0.0097206  0.00971628 0.00973188
 0.00251901 0.00971688 0.00971752 0.00973522 0.00582966 0.00708305
 0.00989209 0.01006171 0.00972135 0.00972022 0.00489726 0.00971813
 0.0101938  0.0097351  0.00082566 0.00971641 0.00971642 0.00971667
 0.00078243 0.00975416 0.00971793 0.00974149 0.00971665 0.00971591]
Simulated,[0.01067649 0.00973311 0.00972569 0.01028317 0.00997417 0.00971631
 0.010213   0.01012503 0.0098115  0.01083524 0.00981322 0.00974578
 0.01053301 0.00989581 0.00794089 0.00990431 0.01069831 0.00973777
 0.00997214 0.00975547 0.00972018 0.00985398 0.01008225 0.00972255
 0.00972133 0.00974532 0.01025291 0.01006061 0.00971691 0.00971661],[0.01067649 0.00973311 0.00972569 0.01028317 0.00997417 0.00971631
 0.010213   0.01012503 0.0098115  0.01083524 0.00981322 0.00974578
 0.01053301 0.00989581 0.00794089 0.00990431 0.01069831 0.00973777
 0.00997214 0.00975547 0.00972018 0.00985398 0.01008225 0.00972255
 0.00972133 0.00974532 0.01025291 0.01006061 0.00971691 0.00971661]
Ga_v3,[0.01456663 0.09026166 0.04207155 0.02508171 0.12881218 0.00973717
 0.01377378 0.03364753 0.00980602 0.00972575 0.00986606 0.02823581
 0.03975225 0.01268348 0.02259724 0.0190177  0.01980073 0.01323921
 0.09256999 0.04074329 0.0413521  0.04091352 0.01372208 0.01416286
 0.03737033 0.02497782 0.01926722 0.06911126 0.02681171 0.00996182],[0.01456663 0.09026166 0.04207155 0.02508171 0.12881218 0.00973717
 0.01377378 0.03364753 0.00980602 0.00972575 0.00986606 0.02823581
 0.03975225 0.01268348 0.02259724 0.0190177  0.01980073 0.01323921
 0.09256999 0.04074329 0.0413521  0.04091352 0.01372208 0.01416286
 0.03737033 0.02497782 0.01926722 0.06911126 0.02681171 0.00996182]
HillClimbing,[0.00805702 0.00248113 0.00846099 0.00537882 0.00022689 0.00857437
 0.0044665  0.00162563 0.00919932 0.00078727 0.0044246  0.00033292
 0.00927603 0.00083189 0.00913046 0.00019248 0.00599782 0.00971595
 0.00971609 0.00971614 0.00971592 0.00080489 0.00441284 0.00691986
 0.00219429 0.00061169 0.00720597 0.00243687 0.0070314  0.00561189],[0.00805702 0.00248113 0.00846099 0.00537882 0.00022689 0.00857437
 0.0044665  0.00162563 0.00919932 0.00078727 0.0044246  0.00033292
 0.00927603 0.00083189 0.00913046 0.00019248 0.00599782 0.00971595
 0.00971609 0.00971614 0.00971592 0.00080489 0.00441284 0.00691986
 0.00219429 0.00061169 0.00720597 0.00243687 0.0070314  0.00561189]
HybridGa,[0.18223154 0.02868256 0.12756519 0.00975282 0.07876924 0.02102337
 0.12701686 0.02086654 0.09729686 0.09508027 0.08032822 0.11663433
 0.19128416 0.19959878 0.1285278  0.03755829 0.03280441 0.10848649
 0.01428595 0.03722508 0.18208983 0.01571587 0.04093692 0.01015893
 0.01112719 0.01022396 0.13500463 0.05153038 0.07819257 0.00975858],[0.18223154 0.02868256 0.12756519 0.00975282 0.07876924 0.02102337
 0.12701686 0.02086654 0.09729686 0.09508027 0.08032822 0.11663433
 0.19128416 0.19959878 0.1285278  0.03755829 0.03280441 0.10848649
 0.01428595 0.03722508 0.18208983 0.01571587 0.04093692 0.01015893
 0.01112719 0.01022396 0.13500463 0.05153038 0.07819257 0.00975858]
