Pso,[-0.00000000e+00 -0.00000000e+00 -0.00000000e+00 -0.00000000e+00
 -0.00000000e+00 -0.00000000e+00 -7.88860905e-31 -7.88860905e-31
 -0.00000000e+00 -3.15544362e-30 -0.00000000e+00 -7.88860905e-31
 -7.88860905e-31 -7.88860905e-31 -0.00000000e+00 -0.00000000e+00
 -7.88860905e-31 -0.00000000e+00 -0.00000000e+00 -7.88860905e-31
 -0.00000000e+00 -7.88860905e-31 -0.00000000e+00 -7.88860905e-31
 -0.00000000e+00 -0.00000000e+00 -0.00000000e+00 -0.00000000e+00
 -7.88860905e-31 -7.88860905e-31],[-0.00000000e+00 -0.00000000e+00 -0.00000000e+00 -0.00000000e+00
 -0.00000000e+00 -0.00000000e+00 -7.88860905e-31 -7.88860905e-31
 -0.00000000e+00 -3.15544362e-30 -0.00000000e+00 -7.88860905e-31
 -7.88860905e-31 -7.88860905e-31 -0.00000000e+00 -0.00000000e+00
 -7.88860905e-31 -0.00000000e+00 -0.00000000e+00 -7.88860905e-31
 -0.00000000e+00 -7.88860905e-31 -0.00000000e+00 -7.88860905e-31
 -0.00000000e+00 -0.00000000e+00 -0.00000000e+00 -0.00000000e+00
 -7.88860905e-31 -7.88860905e-31]
Fwa,[-3.62609771e-02 -6.10046964e-03 -2.92963892e-02 -1.56998160e-04
 -7.11285304e-02 -2.80474405e-02 -3.11269572e-03 -8.07208877e-03
 -3.94272257e-02 -2.00255614e-01 -1.54592190e-02 -5.18607470e-02
 -1.65446885e-02 -5.93361426e-03 -1.57833638e-01 -5.73827901e-03
 -1.79776437e-03 -1.22713624e-02 -2.42011651e-02 -1.84230747e-01
 -1.01884696e-01 -8.98989065e-02 -1.08465469e-02 -1.43323374e-04
 -1.36477976e-03 -1.31762747e-01 -3.42860636e-03 -6.21424354e-02
 -7.36821333e-03 -8.05841592e-03],[-3.62609771e-02 -6.10046964e-03 -2.92963892e-02 -1.56998160e-04
 -7.11285304e-02 -2.80474405e-02 -3.11269572e-03 -8.07208877e-03
 -3.94272257e-02 -2.00255614e-01 -1.54592190e-02 -5.18607470e-02
 -1.65446885e-02 -5.93361426e-03 -1.57833638e-01 -5.73827901e-03
 -1.79776437e-03 -1.22713624e-02 -2.42011651e-02 -1.84230747e-01
 -1.01884696e-01 -8.98989065e-02 -1.08465469e-02 -1.43323374e-04
 -1.36477976e-03 -1.31762747e-01 -3.42860636e-03 -6.21424354e-02
 -7.36821333e-03 -8.05841592e-03]
Simulated,[-0.3279758  -0.1119031  -0.01954119 -0.00763196 -0.51923004 -0.16465804
 -0.48128384 -0.08836698 -0.57994427 -0.02051603 -0.00550541 -0.21425347
 -0.14082051 -0.02406936 -0.06526462 -0.29162703 -0.05523653 -0.06853963
 -0.06791555 -0.05863017 -0.10457192 -0.25623986 -0.40254423 -0.03815775
 -0.36944936 -0.27920135 -0.13613875 -0.08343337 -0.07071995 -0.11543971],[-0.3279758  -0.1119031  -0.01954119 -0.00763196 -0.51923004 -0.16465804
 -0.48128384 -0.08836698 -0.57994427 -0.02051603 -0.00550541 -0.21425347
 -0.14082051 -0.02406936 -0.06526462 -0.29162703 -0.05523653 -0.06853963
 -0.06791555 -0.05863017 -0.10457192 -0.25623986 -0.40254423 -0.03815775
 -0.36944936 -0.27920135 -0.13613875 -0.08343337 -0.07071995 -0.11543971]
Ga_v3,[-0.06066912 -0.13987534 -0.01122983 -0.20950661 -0.60917571 -0.40714253
 -0.23845869 -0.31174342 -0.36227949 -0.0681916  -0.44772996 -0.22513176
 -0.27010274 -0.02518678 -0.0788888  -0.28567194 -0.18821015 -1.21128714
 -0.02586207 -0.18459272 -0.12219935 -0.04982488 -0.11505349 -0.11821105
 -0.18571341 -0.39432586 -0.55030952 -0.47095039 -0.02154797 -0.23131456],[-0.06066912 -0.13987534 -0.01122983 -0.20950661 -0.60917571 -0.40714253
 -0.23845869 -0.31174342 -0.36227949 -0.0681916  -0.44772996 -0.22513176
 -0.27010274 -0.02518678 -0.0788888  -0.28567194 -0.18821015 -1.21128714
 -0.02586207 -0.18459272 -0.12219935 -0.04982488 -0.11505349 -0.11821105
 -0.18571341 -0.39432586 -0.55030952 -0.47095039 -0.02154797 -0.23131456]
HillClimbing,[-0.00716256 -0.00190253 -0.0003194  -0.00223211 -0.00185114 -0.00034049
 -0.00089661 -0.00345015 -0.00041326 -0.01206259 -0.00169713 -0.00062073
 -0.0069639  -0.00719642 -0.01907812 -0.00121541 -0.0023903  -0.00019955
 -0.00847043 -0.00149846 -0.00128798 -0.00685096 -0.00709952 -0.01111026
 -0.01558734 -0.00014483 -0.00104275 -0.00556068 -0.00174933 -0.00358638],[-0.00716256 -0.00190253 -0.0003194  -0.00223211 -0.00185114 -0.00034049
 -0.00089661 -0.00345015 -0.00041326 -0.01206259 -0.00169713 -0.00062073
 -0.0069639  -0.00719642 -0.01907812 -0.00121541 -0.0023903  -0.00019955
 -0.00847043 -0.00149846 -0.00128798 -0.00685096 -0.00709952 -0.01111026
 -0.01558734 -0.00014483 -0.00104275 -0.00556068 -0.00174933 -0.00358638]
HybridGa,[-0.00819961 -0.04461098 -0.09940565 -0.05426418 -0.01780587 -0.02031555
 -0.00453431 -0.00058469 -0.05072094 -0.06160421 -0.07266864 -0.00385552
 -0.00495266 -0.03885728 -0.05901933 -0.02847655 -0.00488512 -0.04716493
 -0.02871872 -0.00120771 -0.04705388 -0.02602031 -0.01111827 -0.05966892
 -0.01648959 -0.02897468 -0.02004751 -0.11986127 -0.01022437 -0.00613326],[-0.00819961 -0.04461098 -0.09940565 -0.05426418 -0.01780587 -0.02031555
 -0.00453431 -0.00058469 -0.05072094 -0.06160421 -0.07266864 -0.00385552
 -0.00495266 -0.03885728 -0.05901933 -0.02847655 -0.00488512 -0.04716493
 -0.02871872 -0.00120771 -0.04705388 -0.02602031 -0.01111827 -0.05966892
 -0.01648959 -0.02897468 -0.02004751 -0.11986127 -0.01022437 -0.00613326]
