Pso,[25.9202 26.0199 25.9202 26.0289 26.0289 26.029  26.0289 25.9202 26.0289
 26.0289 26.0289 26.029  25.9202 26.0289 26.0199 26.0289 26.0289 26.0199
 26.029  25.9202 25.9972 26.0289 26.0198 26.0199 25.9202 26.0199 26.0289
 26.029  25.9202 25.9202],[18.761  18.907  18.761  18.907  18.907  18.907  18.907  18.761  18.907
 18.907  18.907  18.907  18.761  18.907  18.907  18.907  18.907  18.907
 18.907  18.761  18.9435 18.907  18.907  18.907  18.761  18.907  18.907
 18.907  18.761  18.761 ]
Fwa,[25.9195 25.8036 25.919  25.9198 25.9182 26.0264 25.8027 25.919  25.9199
 25.9192 26.0276 25.8026 25.9187 25.9197 25.9191 25.9179 25.803  25.8022
 25.9187 25.802  25.918  26.0252 26.0212 25.7967 25.9158 25.8029 25.9195
 25.9195 26.0287 26.0195],[18.761  18.7975 18.761  18.761  18.761  18.907  18.7975 18.761  18.761
 18.761  18.907  18.7975 18.761  18.761  18.761  18.761  18.7975 18.7975
 18.761  18.7975 18.761  18.907  18.907  18.7975 18.761  18.7975 18.761
 18.761  18.907  18.907 ]
Simulated,[25.7966 25.7884 25.9047 25.7984 25.7999 25.8986 25.7942 25.7949 25.9132
 25.9072 25.9129 25.9119 25.9161 26.0118 25.7906 25.7919 26.0195 25.8887
 25.9056 26.0196 25.9069 25.7988 25.9054 26.016  25.911  25.7888 25.9032
 25.7962 25.9131 25.9061],[18.7975 18.7975 18.761  18.7975 18.7975 18.761  18.7975 18.7975 18.761
 18.761  18.761  18.761  18.761  18.907  18.7975 18.7975 18.907  18.761
 18.761  18.907  18.761  18.7975 18.761  18.907  18.761  18.7975 18.761
 18.7975 18.761  18.761 ]
Ga_v3,[26.0024 26.0253 26.0222 26.0053 26.0144 26.0061 26.0228 26.023  26.0035
 26.0196 26.0039 26.0157 26.0232 26.0128 26.0136 26.014  26.016  26.0138
 26.0069 26.016  26.0262 26.0141 26.0026 26.019  26.0218 26.0173 26.0227
 26.0176 26.0001 26.0162],[18.907  18.907  18.907  18.907  18.907  18.907  18.907  18.907  18.907
 18.907  18.907  18.907  18.907  18.907  18.907  18.907  18.907  18.907
 18.907  18.907  18.907  18.907  18.907  18.907  18.907  18.907  18.907
 18.907  18.9435 18.907 ]
HillClimbing,[26.0241 26.0274 26.0245 26.0261 26.0258 26.0256 26.0254 26.0242 26.026
 26.0219 26.0277 26.0269 26.0079 26.0265 26.0185 26.0219 26.0234 26.0219
 26.0247 26.0248 26.0265 26.0254 26.0227 26.0243 26.0248 26.0227 26.0219
 26.0288 26.0266 26.0221],[18.907 18.907 18.907 18.907 18.907 18.907 18.907 18.907 18.907 18.907
 18.907 18.907 18.907 18.907 18.907 18.907 18.907 18.907 18.907 18.907
 18.907 18.907 18.907 18.907 18.907 18.907 18.907 18.907 18.907 18.907]
HybridGa,[26.0231 26.0263 25.9972 26.0245 26.0225 26.0136 26.0098 26.0229 26.0151
 26.0096 26.0153 26.0245 26.0145 26.0251 26.0226 26.0196 26.0133 26.0069
 26.017  26.0147 26.0164 26.0153 26.0124 26.0239 26.0173 26.015  26.0188
 26.0251 26.0158 26.0175],[18.907 18.907 18.907 18.907 18.907 18.907 18.907 18.907 18.907 18.907
 18.907 18.907 18.907 18.907 18.907 18.907 18.907 18.907 18.907 18.907
 18.907 18.907 18.907 18.907 18.907 18.907 18.907 18.907 18.907 18.907]
