Pso,[26.6029 26.6029 26.6029 26.6029 26.6029 26.6029 26.6029 26.6029 26.6029
 26.6029 26.6029 26.6029 26.6029 26.6029 26.6029 26.6029 26.6029 26.6029
 26.6029 26.6029 26.6029 26.6029 26.6029 26.6029 26.6029 26.6029 26.6029
 26.6029 26.6029 26.6029],[18.907 18.907 18.907 18.907 18.907 18.907 18.907 18.907 18.907 18.907
 18.907 18.907 18.907 18.907 18.907 18.907 18.907 18.907 18.907 18.907
 18.907 18.907 18.907 18.907 18.907 18.907 18.907 18.907 18.907 18.907]
Fwa,[26.6026 26.6021 26.6011 26.6027 26.6012 26.6002 26.6027 26.6014 26.6023
 26.6002 26.6021 26.6019 26.5987 26.6005 26.6012 26.6019 26.6015 26.6013
 26.6017 26.6026 26.602  26.6009 26.6011 26.6024 26.6015 26.6003 26.6006
 26.5995 26.6021 26.6018],[18.907 18.907 18.907 18.907 18.907 18.907 18.907 18.907 18.907 18.907
 18.907 18.907 18.907 18.907 18.907 18.907 18.907 18.907 18.907 18.907
 18.907 18.907 18.907 18.907 18.907 18.907 18.907 18.907 18.907 18.907]
Simulated,[26.5746 26.595  26.5864 26.5926 26.5867 26.5828 26.5936 26.597  26.5924
 24.7856 26.591  25.7499 26.596  25.7503 26.5987 25.7453 26.5936 26.594
 26.5965 26.6    26.5941 25.7444 26.5961 26.5904 25.7351 24.7844 25.7443
 26.5937 26.5812 26.5974],[18.907  18.907  18.907  18.907  18.907  18.907  18.907  18.907  18.907
 17.082  18.907  18.3595 18.907  18.3595 18.907  18.3595 18.907  18.907
 18.907  18.907  18.907  18.3595 18.907  18.907  18.3595 17.082  18.3595
 18.907  18.907  18.907 ]
Ga_v3,[26.5908 26.5949 26.5815 26.5886 26.5955 26.5839 26.5749 26.5929 26.6005
 26.5857 26.5832 26.5865 26.5205 26.5744 26.5984 26.5901 26.5919 26.598
 26.5834 26.5814 26.5791 26.5928 26.5852 25.7376 26.5523 26.5814 26.5848
 26.5932 26.5825 26.5415],[18.907  18.907  18.907  18.907  18.907  18.907  18.907  18.907  18.907
 18.907  18.907  18.907  18.8705 18.907  18.907  18.907  18.907  18.907
 18.907  18.907  18.907  18.907  18.907  18.3595 18.8705 18.907  18.907
 18.907  18.907  18.8705]
HillClimbing,[26.6019 26.5996 26.6003 26.6024 26.6003 26.6009 26.6017 26.6011 26.6016
 26.6011 26.6006 26.6002 26.6011 26.6015 26.6004 26.5977 26.6009 26.5994
 26.6024 26.6011 26.6008 26.6009 26.6001 26.602  26.6025 26.6009 26.6018
 26.5993 26.5998 26.6011],[18.907 18.907 18.907 18.907 18.907 18.907 18.907 18.907 18.907 18.907
 18.907 18.907 18.907 18.907 18.907 18.907 18.907 18.907 18.907 18.907
 18.907 18.907 18.907 18.907 18.907 18.907 18.907 18.907 18.907 18.907]
HybridGa,[26.5874 26.5692 26.5992 26.5937 26.556  26.5836 26.5891 26.5989 26.5497
 26.5775 26.584  26.5879 26.5947 26.5886 26.5985 26.5927 26.594  26.5911
 26.5991 26.5913 26.5915 26.5921 26.5952 26.5736 26.5934 26.5889 26.5936
 26.5954 26.5925 26.596 ],[18.907  18.907  18.907  18.907  18.8705 18.907  18.907  18.907  18.8705
 18.907  18.907  18.907  18.907  18.907  18.907  18.907  18.907  18.907
 18.907  18.907  18.907  18.907  18.907  18.907  18.907  18.907  18.907
 18.907  18.907  18.907 ]
