Pso,[27.3905 27.3905 27.3921 27.3921 27.3921 27.3905 27.3905 27.3921 27.3921
 27.3904 27.3921 27.3921 27.3904 27.3904 27.3905 27.3905 27.3921 27.3356
 27.3921 27.3904 27.3905 27.3905 27.3905 27.3904 27.3921 27.3905 27.3905
 27.3905 27.3905 27.3905],[18.615 18.615 18.615 18.615 18.615 18.615 18.615 18.615 18.615 18.615
 18.615 18.615 18.615 18.615 18.615 18.615 18.615 18.907 18.615 18.615
 18.615 18.615 18.615 18.615 18.615 18.615 18.615 18.615 18.615 18.615]
Fwa,[27.3916 27.3894 27.3897 27.3902 27.3898 27.3903 27.3896 27.3888 27.3887
 27.388  27.3899 27.391  27.3915 27.3891 27.3313 27.3873 27.3891 27.3886
 27.3899 27.3916 27.3885 27.3897 27.3864 27.335  27.388  27.3894 27.3888
 27.3804 27.3917 27.3805],[18.615 18.615 18.615 18.615 18.615 18.615 18.615 18.615 18.615 18.615
 18.615 18.615 18.615 18.615 18.907 18.615 18.615 18.615 18.615 18.615
 18.615 18.615 18.615 18.907 18.615 18.615 18.615 18.615 18.615 18.615]
Simulated,[27.3917 27.3788 27.3299 27.3332 27.3344 27.3882 23.4996 27.3815 27.3675
 27.3855 27.3837 27.3863 27.3834 27.3877 27.3829 27.3875 27.3852 27.3242
 27.3858 27.3747 27.382  27.3752 27.3877 26.7719 27.385  27.3812 27.3877
 27.3268 27.3805 27.3816],[18.615  18.615  18.907  18.907  18.907  18.615  17.301  18.615  18.5785
 18.615  18.615  18.615  18.615  18.615  18.615  18.615  18.615  18.907
 18.615  18.615  18.615  18.615  18.615  18.3595 18.615  18.615  18.615
 18.8705 18.615  18.615 ]
Ga_v3,[27.3872 27.3917 27.3802 27.3824 27.3795 27.3852 27.3234 27.3735 27.3773
 27.3862 27.3721 27.3827 27.3875 27.3815 27.3818 27.3655 27.33   27.3746
 27.3643 27.3814 27.3794 27.3643 27.383  27.3802 27.3868 27.3876 27.3258
 27.3746 27.3664 27.3666],[18.615  18.615  18.615  18.615  18.615  18.615  18.907  18.615  18.615
 18.615  18.615  18.615  18.615  18.615  18.615  18.615  18.907  18.5785
 18.615  18.615  18.615  18.615  18.615  18.615  18.615  18.615  18.907
 18.615  18.615  18.5785]
HillClimbing,[27.3866 27.3893 27.3873 27.3909 27.3884 27.3889 27.3882 27.3899 27.3902
 27.3902 27.3878 27.3893 27.3878 27.3887 27.3878 27.3881 27.388  27.388
 27.3897 27.3877 27.3875 27.3885 27.3867 27.3888 27.3869 27.3878 27.3883
 27.3905 27.3891 27.391 ],[18.615 18.615 18.615 18.615 18.615 18.615 18.615 18.615 18.615 18.615
 18.615 18.615 18.615 18.615 18.615 18.615 18.615 18.615 18.615 18.615
 18.615 18.615 18.615 18.615 18.615 18.615 18.615 18.615 18.615 18.615]
HybridGa,[27.3552 27.3852 27.3689 27.3461 27.3784 27.3877 27.364  27.3706 27.3908
 27.3885 27.3854 27.3852 27.3656 27.383  27.376  27.3771 27.3882 27.3899
 27.3734 27.3847 27.378  27.3846 27.3908 27.3635 27.386  27.3748 27.3792
 27.3772 27.3624 27.3878],[18.5785 18.615  18.615  18.5785 18.615  18.615  18.615  18.615  18.615
 18.615  18.615  18.615  18.615  18.615  18.615  18.615  18.615  18.615
 18.615  18.615  18.615  18.615  18.615  18.5785 18.615  18.615  18.615
 18.615  18.5785 18.615 ]
