Pso,[23.3604 23.3604 23.3604 23.3604 23.3604 23.3604 23.3604 23.3604 23.3604
 23.3604 23.3604 23.3604 23.3604 23.3604 23.3604 23.3604 23.3604 23.3604
 23.3604 23.3604 23.3604 23.3604 23.3604 23.3604 23.3604 23.3604 23.3604
 23.3604 23.3604 23.3604],[16.79 16.79 16.79 16.79 16.79 16.79 16.79 16.79 16.79 16.79 16.79 16.79
 16.79 16.79 16.79 16.79 16.79 16.79 16.79 16.79 16.79 16.79 16.79 16.79
 16.79 16.79 16.79 16.79 16.79 16.79]
Fwa,[23.3588 23.3598 23.3601 23.3604 23.3591 23.3603 23.3602 23.3599 23.3601
 23.3598 22.8761 23.3603 23.3603 23.3597 23.3581 23.3599 23.3597 23.3603
 23.3599 23.3601 23.3598 23.3602 23.3602 23.3601 23.3599 23.3603 23.3597
 23.3596 23.3592 23.3589],[16.79  16.79  16.79  16.79  16.79  16.79  16.79  16.79  16.79  16.79
 16.425 16.79  16.79  16.79  16.79  16.79  16.79  16.79  16.79  16.79
 16.79  16.79  16.79  16.79  16.79  16.79  16.79  16.79  16.79  16.79 ]
Simulated,[23.3589 22.8613 22.8723 22.8607 22.8718 22.8753 23.3592 22.8715 22.8737
 22.8663 23.3597 22.8728 22.8744 22.8666 22.8749 22.868  23.36   23.3594
 22.8692 22.8739 22.8635 22.8601 22.8658 23.3602 22.8609 22.8697 21.8575
 22.8597 22.8639 22.8681],[16.79   16.425  16.425  16.425  16.425  16.425  16.79   16.425  16.425
 16.425  16.79   16.425  16.425  16.425  16.425  16.425  16.79   16.79
 16.425  16.425  16.425  16.425  16.425  16.79   16.425  16.425  16.0965
 16.425  16.425  16.425 ]
Ga_v3,[23.3604 23.3604 23.3575 23.36   23.3592 23.3599 23.3599 23.3603 23.3596
 23.3576 23.356  23.3589 23.3602 23.3596 23.3598 23.3597 23.3597 23.3596
 23.3589 23.359  23.3601 23.3602 23.3593 23.3601 23.3604 23.3599 23.3601
 23.3604 23.3597 23.3604],[16.79 16.79 16.79 16.79 16.79 16.79 16.79 16.79 16.79 16.79 16.79 16.79
 16.79 16.79 16.79 16.79 16.79 16.79 16.79 16.79 16.79 16.79 16.79 16.79
 16.79 16.79 16.79 16.79 16.79 16.79]
HillClimbing,[23.3601 23.3599 23.3604 23.3594 23.3598 23.3603 23.3604 23.3603 23.3599
 23.3599 23.3598 23.3603 23.3604 23.3603 23.3601 23.3597 23.3603 23.3604
 23.3601 23.3604 23.3603 23.3603 23.3603 23.3603 23.36   23.3583 23.36
 23.3601 23.3604 23.3603],[16.79 16.79 16.79 16.79 16.79 16.79 16.79 16.79 16.79 16.79 16.79 16.79
 16.79 16.79 16.79 16.79 16.79 16.79 16.79 16.79 16.79 16.79 16.79 16.79
 16.79 16.79 16.79 16.79 16.79 16.79]
HybridGa,[23.3598 23.3604 23.36   23.3593 23.3595 23.3595 23.3603 23.36   23.3628
 23.3635 23.3619 23.3579 23.357  23.3577 23.359  23.3638 23.3561 23.3596
 23.359  23.3603 23.3542 23.36   23.3709 23.3613 23.3602 23.3595 23.3585
 23.3589 23.3597 23.3598],[16.79 16.79 16.79 16.79 16.79 16.79 16.79 16.79 16.79 16.79 16.79 16.79
 16.79 16.79 16.79 16.79 16.79 16.79 16.79 16.79 16.79 16.79 16.79 16.79
 16.79 16.79 16.79 16.79 16.79 16.79]
