Pso,[26.4787 26.6077 26.5204 26.6078 26.6078 26.4747 26.6217 26.0561 26.6217
 26.6084 26.6023 26.6049 26.6217 26.4787 26.6047 26.0561 26.6048 26.6078
 26.6023 26.4747 26.6217 26.6023 26.6078 26.6078 26.6078 26.6078 26.4856
 26.0561 26.6217 26.6217],[17.7755 18.177  18.177  18.177  18.177  17.9215 18.177  17.6295 18.177
 18.177  18.323  18.907  18.177  17.7755 18.907  17.6295 18.907  18.177
 18.323  17.9215 18.177  18.323  18.177  18.177  18.177  18.177  18.834
 17.6295 18.177  18.177 ]
Fwa,[23.8843 25.9271 26.0455 26.0548 26.4713 26.6208 26.0241 26.054  24.4558
 23.8846 24.4505 26.0535 23.8336 26.0484 23.8946 26.3846 26.0495 23.8925
 26.5995 23.8931 26.5189 26.6199 23.8716 25.8833 24.7647 25.9259 26.4202
 24.4557 24.4552 26.4399],[16.352  17.593  17.6295 17.593  17.9215 18.177  17.5565 17.6295 16.8265
 16.352  16.8265 17.593  16.8995 17.6295 16.3155 17.739  17.6295 16.3155
 18.323  16.3155 18.177  18.177  16.2425 17.666  17.5565 17.593  17.739
 16.8265 16.8265 18.104 ]
Simulated,[26.5959 26.4685 26.4645 26.5985 25.9875 25.987  26.6158 26.4474 26.0035
 26.5119 26.5043 25.4792 26.0491 26.4652 26.6189 26.5965 26.5151 23.8176
 26.4575 26.6147 26.044  26.5696 24.9532 26.467  26.5663 26.6065 26.6023
 26.6032 23.8832 26.6099],[18.177  17.7755 17.9215 18.177  17.6295 17.6295 18.177  17.9215 17.593
 18.177  18.177  17.7025 17.6295 17.9215 18.177  18.177  18.177  16.8995
 17.9215 18.177  17.593  18.323  17.082  17.9215 17.9215 18.177  18.907
 18.177  16.3155 18.177 ]
Ga_v3,[26.4577 25.9852 26.0407 26.5922 26.6061 24.9459 26.5799 26.5975 26.6054
 26.6083 25.4862 26.0301 26.6031 26.5976 26.0305 26.6052 26.6005 26.4533
 26.5101 26.598  26.5558 26.601  26.033  26.0404 26.5893 26.0392 25.9537
 26.6171 26.4542 26.0167],[17.9215 17.593  17.593  18.907  18.177  16.9725 18.1405 18.177  18.177
 18.177  17.7025 17.6295 18.177  18.177  17.6295 18.177  18.323  17.9215
 18.177  18.323  18.323  18.177  17.6295 17.593  18.177  17.6295 18.3595
 18.177  17.9215 17.6295]
HillClimbing,[26.5986 26.5399 26.601  26.596  26.6202 26.5845 26.5915 26.5877 26.5677
 26.601  26.4429 26.6132 26.6014 26.6009 26.6014 26.6117 26.4121 26.5994
 26.3663 26.6056 26.5971 26.5676 26.6197 26.5915 26.6134 26.6147 26.6162
 26.6159 26.6198 26.5927],[18.907  18.8705 18.177  18.907  18.177  18.323  18.907  18.907  18.323
 18.177  18.104  18.177  18.323  18.323  18.907  18.177  17.9215 18.177
 17.739  18.177  18.907  17.9215 18.177  18.177  18.177  18.177  18.177
 18.177  18.177  18.323 ]
HybridGa,[26.4603 26.5864 26.5888 26.571  26.3102 26.6165 26.6007 26.5679 26.5776
 26.5712 26.5855 26.5007 26.5896 26.593  26.4784 26.5885 26.6016 26.6078
 26.535  26.5894 26.6004 26.5871 26.6117 26.5916 26.4252 26.5665 26.5919
 26.6036 26.5697 26.5979],[17.9215 18.177  18.907  18.177  18.1405 18.177  18.323  18.2865 18.323
 18.2865 18.323  18.177  18.177  18.177  17.7755 18.907  18.907  18.177
 17.9215 18.177  18.323  18.177  18.177  18.323  17.9215 18.3595 18.177
 18.177  18.323  18.323 ]
