Pso,[26.6023 26.6217 26.4662 26.6217 26.4788 26.0561 26.6023 26.4787 26.0561
 26.6023 26.6049 26.0561 26.6216 26.6044 25.9594 26.0561 26.4747 26.0561
 26.6078 26.0561 26.6217 26.6066 26.6217 26.4747 26.6216 26.0561 26.4787
 26.4788 26.6023 26.6023],[18.323  18.177  17.9215 18.177  17.7755 17.6295 18.323  17.7755 17.6295
 18.323  18.907  17.6295 18.177  18.907  17.593  17.6295 17.9215 17.6295
 18.177  17.6295 18.177  18.177  18.177  17.9215 18.177  17.6295 17.7755
 17.7755 18.323  18.177 ]
Fwa,[26.0557 23.946  23.8329 25.1435 25.958  24.0686 26.5191 26.0527 25.9585
 26.6171 26.6015 25.958  26.6203 26.2534 26.0536 26.3831 26.0551 26.6075
 26.0488 23.894  25.9573 26.6037 26.6181 23.8347 25.1537 26.0263 25.9584
 26.0213 26.6195 26.0541],[17.6295 16.644  16.8995 17.228  17.593  17.4105 18.177  17.6295 17.593
 18.177  18.323  17.593  18.177  17.739  17.6295 17.739  17.6295 18.177
 17.4835 16.3155 17.593  18.907  18.177  16.8995 17.885  17.5565 17.593
 17.7025 18.177  17.6295]
Simulated,[26.5977 26.604  26.6043 26.0476 25.8833 25.9822 26.6015 26.6053 26.0522
 26.6004 26.045  25.9018 26.0483 26.4729 26.5938 26.597  26.0493 26.0372
 26.0279 26.5154 26.5824 26.0243 26.594  24.9595 26.5148 26.0538 26.4717
 26.4533 26.0409 26.0439],[18.323  18.177  18.177  17.6295 17.593  18.3595 18.177  18.177  17.6295
 18.323  17.6295 18.761  17.6295 17.9215 18.907  18.323  17.6295 17.6295
 17.6295 18.177  18.907  17.6295 18.323  16.9725 18.177  17.593  17.7755
 17.9215 17.6295 17.6295]
Ga_v3,[26.0376 25.9429 26.5806 26.5149 26.0413 26.0374 26.029  26.0468 26.5979
 26.0549 25.982  25.8995 26.0382 26.6166 26.6136 26.0304 26.562  26.6021
 26.0373 26.0377 26.4917 26.5955 25.949  26.0329 26.4924 26.4564 26.037
 26.4659 26.6056 26.0405],[17.4835 17.593  18.907  18.177  17.6295 17.6295 17.593  17.4835 18.907
 17.6295 17.593  17.5565 17.6295 18.177  18.177  17.6295 17.9215 18.177
 17.593  17.6295 18.177  18.907  18.3595 17.6295 18.177  17.9215 17.6295
 17.9215 18.177  17.6295]
HillClimbing,[26.5864 26.5683 26.5974 26.5382 26.605  26.4174 26.5932 26.4877 26.6152
 26.5816 26.6088 26.5537 26.518  26.337  26.4639 26.5705 26.5995 26.4559
 26.6056 26.619  26.5812 26.5966 26.5719 26.6156 26.6    26.6011 26.4397
 26.5882 26.602  26.5806],[18.177  18.1405 18.323  18.8705 18.177  17.739  18.177  18.8705 18.177
 18.323  18.177  18.2865 18.177  18.1405 17.8485 18.177  18.907  17.9215
 18.177  18.177  18.907  18.323  18.1405 18.177  18.177  18.907  17.9215
 18.907  18.907  18.907 ]
HybridGa,[26.593  26.5776 26.5484 26.5689 26.5935 26.5892 26.6116 26.5819 26.5647
 26.6001 26.4697 26.5589 26.5988 26.5857 26.4196 26.595  26.5632 26.5766
 26.595  26.5707 26.599  26.5558 26.5875 26.2185 26.5904 26.6106 26.6005
 26.613  26.6188 25.9207],[18.907  18.177  18.323  18.323  18.323  18.323  18.177  18.177  18.323
 18.323  17.9215 17.9215 18.323  18.907  17.9215 18.177  18.2865 18.177
 18.177  18.1405 18.177  18.323  18.907  18.1405 18.323  18.177  18.177
 18.177  18.177  17.593 ]
