Pso,[26.0095 26.0092 26.0011 26.0095 26.0095 26.0095 26.0095 26.0095 26.0095
 26.0095 26.0095 26.0095 26.0095 26.0095 26.0095 26.0095 25.487  26.0095
 25.487  26.0095 26.0095 26.0094 26.0094 26.0095 25.549  26.0095 26.0071
 26.0095 26.0095 26.0095],[17.4835 17.4835 17.4835 17.4835 17.4835 17.4835 17.4835 17.4835 17.4835
 17.4835 17.4835 17.4835 17.4835 17.4835 17.4835 17.4835 17.7025 17.4835
 17.7025 17.4835 17.4835 17.4835 17.4835 17.4835 17.52   17.4835 17.4835
 17.4835 17.4835 17.4835]
Fwa,[26.0075 26.0077 25.9895 26.0063 26.007  26.0072 26.0011 25.4843 25.9999
 25.9888 25.4827 25.4785 25.9867 25.4769 26.0043 26.0074 25.983  26.009
 26.0072 26.0051 25.9859 26.003  25.4552 26.0087 26.0092 26.0078 26.0067
 26.0081 25.9923 25.4793],[17.4835 17.4835 17.447  17.4835 17.4835 17.4835 17.4835 17.7025 17.4835
 17.447  17.7025 17.7025 17.447  17.7025 17.4835 17.4835 17.447  17.4835
 17.4835 17.4835 17.447  17.4835 17.666  17.4835 17.4835 17.4835 17.4835
 17.4835 17.4835 17.7025]
Simulated,[25.4811 24.811  25.4791 24.8115 25.4856 25.9882 25.9885 25.477  25.4134
 25.4777 24.8125 25.4576 25.9853 25.4809 25.4703 25.9967 24.8087 25.4525
 24.8078 25.992  25.9912 25.4728 24.9461 25.4656 25.9866 25.9998 25.4849
 25.4725 25.484  25.4765],[17.7025 16.863  17.7025 16.863  17.7025 17.4835 17.447  17.7025 17.958
 17.7025 16.863  17.666  17.447  17.7025 17.7025 17.4835 16.863  17.666
 16.863  17.4835 17.4835 17.7025 18.688  17.7025 17.447  17.4835 17.7025
 17.7025 17.7025 17.7025]
Ga_v3,[25.9941 25.4461 26.0032 25.9974 25.9884 25.998  25.8562 25.4731 25.9989
 25.9955 25.4612 25.4536 25.4642 25.4623 25.9915 25.9899 25.4808 25.992
 25.9953 25.9969 25.47   26.0027 25.967  25.988  25.9963 25.9944 25.9891
 25.9795 25.9889 25.4668],[17.4835 17.666  17.4835 17.4835 17.4835 17.4835 17.4105 17.7025 17.4835
 17.4835 17.7025 17.7025 17.666  17.7025 17.4835 17.4835 17.7025 17.4835
 17.4835 17.4835 17.7025 17.4835 17.447  17.447  17.4835 17.4835 17.447
 17.4835 17.4835 17.7025]
HillClimbing,[26.0079 26.003  26.0019 25.9939 26.002  26.0035 26.0075 26.0062 26.0059
 26.0049 26.0065 26.0061 25.9985 26.0076 26.0045 26.0048 26.0049 26.007
 26.0057 26.0077 26.0062 26.0048 26.0068 26.0072 25.9992 25.9932 26.0058
 26.0025 26.0025 26.0077],[17.4835 17.4835 17.4835 17.4835 17.4835 17.4835 17.4835 17.4835 17.4835
 17.4835 17.4835 17.4835 17.4835 17.4835 17.4835 17.4835 17.4835 17.4835
 17.4835 17.4835 17.4835 17.4835 17.4835 17.4835 17.4835 17.4835 17.4835
 17.4835 17.4835 17.4835]
HybridGa,[25.9978 25.9801 25.9969 25.9871 25.9848 25.9856 25.9922 25.9881 25.9878
 25.9771 25.9912 25.9859 26.0019 26.004  25.9745 25.9858 26.0053 25.979
 25.9729 26.0003 25.9943 25.9985 25.9618 26.0044 25.9988 25.9944 25.8486
 26.0043 25.9853 26.0011],[17.4835 17.447  17.4835 17.447  17.4835 17.447  17.4835 17.4835 17.447
 17.447  17.4835 17.4835 17.4835 17.4835 17.447  17.447  17.4835 17.447
 17.447  17.4835 17.4835 17.4835 17.447  17.4835 17.4835 17.4835 17.4105
 17.4835 17.447  17.4835]
